3.413
2.153 3.654
0.448 0.282 2.512
1.791 1.375 1.065 4.365
0.935 0.618 0.513 1.144 3.161
1.373 1.365 0.584 1.392 1.011 2.976
0.685 0.667 0.479 0.510 0.519 0.678 2.412
0.962 0.903 0.389 0.568 0.473 0.728 1.775 2.987
0.073 0.085 0.068 0.097 0.065 0.063 0.103 0.112 0.119
0.055 0.071 0.051 0.069 0.074 0.053 0.110 0.139 0.056 0.134
0.103 0.114 0.040 0.098 0.082 0.074 0.119 0.128 0.049 0.062 0.138
0.632 0.584 0.479 0.708 0.903 0.816 0.759 0.763 0.091 0.070 0.113 3.240
0.945 0.776 0.405 0.812 0.959 1.192 0.769 0.724 0.071 0.083 0.107 1.466 3.302
